P2
  49  39
255
 211 167 125  85  47  11 232 200 170 142 116  92  70  50  32  16   2 245 235 227 221 217 215 215 217 221 227 235 245   2  16  32  50  70  92 116 142 170 200 232  11  47  85 125 167 211   2  50 100
 175 131  89  49  11 230 196 164 134 106  80  56  34  14 251 235 221 209 199 191 185 181 179 179 181 185 191 199 209 221 235 251  14  34  56  80 106 134 164 196 230  11  49  89 131 175 221  14  64
 141  97  55  15 232 196 162 130 100  72  46  22   0 235 217 201 187 175 165 157 151 147 145 145 147 151 157 165 175 187 201 217 235   0  22  46  72 100 130 162 196 232  15  55  97 141 187 235  30
 109  65  23 238 200 164 130  98  68  40  14 245 223 203 185 169 155 143 133 125 119 115 113 113 115 119 125 133 143 155 169 185 203 223 245  14  40  68  98 130 164 200 238  23  65 109 155 203 253
  79  35 248 208 170 134 100  68  38  10 239 215 193 173 155 139 125 113 103  95  89  85  83  83  85  89  95 103 113 125 139 155 173 193 215 239  10  38  68 100 134 170 208 248  35  79 125 173 223
  51   7 220 180 142 106  72  40  10 237 211 187 165 145 127 111  97  85  75  67  61  57  55  55  57  61  67  75  85  97 111 127 145 165 187 211 237  10  40  72 106 142 180 220   7  51  97 145 195
  25 236 194 154 116  80  46  14 239 211 185 161 139 119 101  85  71  59  49  41  35  31  29  29  31  35  41  49  59  71  85 101 119 139 161 185 211 239  14  46  80 116 154 194 236  25  71 119 169
   1 212 170 130  92  56  22 245 215 187 161 137 115  95  77  61  47  35  25  17  11   7   5   5   7  11  17  25  35  47  61  77  95 115 137 161 187 215 245  22  56  92 130 170 212   1  47  95 145
 234 190 148 108  70  34   0 223 193 165 139 115  93  73  55  39  25  13   3 250 244 240 238 238 240 244 250   3  13  25  39  55  73  93 115 139 165 193 223   0  34  70 108 148 190 234  25  73 123
 214 170 128  88  50  14 235 203 173 145 119  95  73  53  35  19   5 248 238 230 224 220 218 218 220 224 230 238 248   5  19  35  53  73  95 119 145 173 203 235  14  50  88 128 170 214   5  53 103
 196 152 110  70  32 251 217 185 155 127 101  77  55  35  17   1 242 230 220 212 206 202 200 200 202 206 212 220 230 242   1  17  35  55  77 101 127 155 185 217 251  32  70 110 152 196 242  35  85
 180 136  94  54  16 235 201 169 139 111  85  61  39  19   1 240 226 214 204 196 190 186 184 184 186 190 196 204 214 226 240   1  19  39  61  85 111 139 169 201 235  16  54  94 136 180 226  19  69
 166 122  80  40   2 221 187 155 125  97  71  47  25   5 242 226 212 200 190 182 176 172 170 170 172 176 182 190 200 212 226 242   5  25  47  71  97 125 155 187 221   2  40  80 122 166 212   5  55
 154 110  68  28 245 209 175 143 113  85  59  35  13 248 230 214 200 188 178 170 164 160 158 158 160 164 170 178 188 200 214 230 248  13  35  59  85 113 143 175 209 245  28  68 110 154 200 248  43
 144 100  58  18 235 199 165 133 103  75  49  25   3 238 220 204 190 178 168 160 154 150 148 148 150 154 160 168 178 190 204 220 238   3  25  49  75 103 133 165 199 235  18  58 100 144 190 238  33
 136  92  50  10 227 191 157 125  95  67  41  17 250 230 212 196 182 170 160 152 146 142 140 140 142 146 152 160 170 182 196 212 230 250  17  41  67  95 125 157 191 227  10  50  92 136 182 230  25
 130  86  44   4 221 185 151 119  89  61  35  11 244 224 206 190 176 164 154 146 140 136 134 134 136 140 146 154 164 176 190 206 224 244  11  35  61  89 119 151 185 221   4  44  86 130 176 224  19
 126  82  40   0 217 181 147 115  85  57  31   7 240 220 202 186 172 160 150 142 136 132 130 130 132 136 142 150 160 172 186 202 220 240   7  31  57  85 115 147 181 217   0  40  82 126 172 220  15
 124  80  38 253 215 179 145 113  83  55  29   5 238 218 200 184 170 158 148 140 134 130 128 128 130 134 140 148 158 170 184 200 218 238   5  29  55  83 113 145 179 215 253  38  80 124 170 218  13
 124  80  38 253 215 179 145 113  83  55  29   5 238 218 200 184 170 158 148 140 134 130 128 128 130 134 140 148 158 170 184 200 218 238   5  29  55  83 113 145 179 215 253  38  80 124 170 218  13
 126  82  40   0 217 181 147 115  85  57  31   7 240 220 202 186 172 160 150 142 136 132 130 130 132 136 142 150 160 172 186 202 220 240   7  31  57  85 115 147 181 217   0  40  82 126 172 220  15
 130  86  44   4 221 185 151 119  89  61  35  11 244 224 206 190 176 164 154 146 140 136 134 134 136 140 146 154 164 176 190 206 224 244  11  35  61  89 119 151 185 221   4  44  86 130 176 224  19
 136  92  50  10 227 191 157 125  95  67  41  17 250 230 212 196 182 170 160 152 146 142 140 140 142 146 152 160 170 182 196 212 230 250  17  41  67  95 125 157 191 227  10  50  92 136 182 230  25
 144 100  58  18 235 199 165 133 103  75  49  25   3 238 220 204 190 178 168 160 154 150 148 148 150 154 160 168 178 190 204 220 238   3  25  49  75 103 133 165 199 235  18  58 100 144 190 238  33
 154 110  68  28 245 209 175 143 113  85  59  35  13 248 230 214 200 188 178 170 164 160 158 158 160 164 170 178 188 200 214 230 248  13  35  59  85 113 143 175 209 245  28  68 110 154 200 248  43
 166 122  80  40   2 221 187 155 125  97  71  47  25   5 242 226 212 200 190 182 176 172 170 170 172 176 182 190 200 212 226 242   5  25  47  71  97 125 155 187 221   2  40  80 122 166 212   5  55
 180 136  94  54  16 235 201 169 139 111  85  61  39  19   1 240 226 214 204 196 190 186 184 184 186 190 196 204 214 226 240   1  19  39  61  85 111 139 169 201 235  16  54  94 136 180 226  19  69
 196 152 110  70  32 251 217 185 155 127 101  77  55  35  17   1 242 230 220 212 206 202 200 200 202 206 212 220 230 242   1  17  35  55  77 101 127 155 185 217 251  32  70 110 152 196 242  35  85
 214 170 128  88  50  14 235 203 173 145 119  95  73  53  35  19   5 248 238 230 224 220 218 218 220 224 230 238 248   5  19  35  53  73  95 119 145 173 203 235  14  50  88 128 170 214   5  53 103
 234 190 148 108  70  34   0 223 193 165 139 115  93  73  55  39  25  13   3 250 244 240 238 238 240 244 250   3  13  25  39  55  73  93 115 139 165 193 223   0  34  70 108 148 190 234  25  73 123
   1 212 170 130  92  56  22 245 215 187 161 137 115  95  77  61  47  35  25  17  11   7   5   5   7  11  17  25  35  47  61  77  95 115 137 161 187 215 245  22  56  92 130 170 212   1  47  95 145
  25 236 194 154 116  80  46  14 239 211 185 161 139 119 101  85  71  59  49  41  35  31  29  29  31  35  41  49  59  71  85 101 119 139 161 185 211 239  14  46  80 116 154 194 236  25  71 119 169
  51   7 220 180 142 106  72  40  10 237 211 187 165 145 127 111  97  85  75  67  61  57  55  55  57  61  67  75  85  97 111 127 145 165 187 211 237  10  40  72 106 142 180 220   7  51  97 145 195
  79  35 248 208 170 134 100  68  38  10 239 215 193 173 155 139 125 113 103  95  89  85  83  83  85  89  95 103 113 125 139 155 173 193 215 239  10  38  68 100 134 170 208 248  35  79 125 173 223
 109  65  23 238 200 164 130  98  68  40  14 245 223 203 185 169 155 143 133 125 119 115 113 113 115 119 125 133 143 155 169 185 203 223 245  14  40  68  98 130 164 200 238  23  65 109 155 203 253
 141  97  55  15 232 196 162 130 100  72  46  22   0 235 217 201 187 175 165 157 151 147 145 145 147 151 157 165 175 187 201 217 235   0  22  46  72 100 130 162 196 232  15  55  97 141 187 235  30
 175 131  89  49  11 230 196 164 134 106  80  56  34  14 251 235 221 209 199 191 185 181 179 179 181 185 191 199 209 221 235 251  14  34  56  80 106 134 164 196 230  11  49  89 131 175 221  14  64
 211 167 125  85  47  11 232 200 170 142 116  92  70  50  32  16   2 245 235 227 221 217 215 215 217 221 227 235 245   2  16  32  50  70  92 116 142 170 200 232  11  47  85 125 167 211   2  50 100
 249 205 163 123  85  49  15 238 208 180 154 130 108  88  70  54  40  28  18  10   4   0 253 253   0   4  10  18  28  40  54  70  88 108 130 154 180 208 238  15  49  85 123 163 205 249  40  88 138
